101017618 0.000378429841938
157311000 2.2843822888e-05
266182205 0.000552099867812
161351710 0.000259989904936
268484639 0.00361607990029
32878627 0.00197915180917
32399396 0.00462114984849
155320364 7.48593421194e-06
105803824 5.19521981016e-05
17311797 0.0036112699136
29855798 0.000296929004941
34269240 0.00149285813306
104572995 0.00136993453945
146442319 0.000646525948312
17084497 0.00094741770404
237389906 3.96495964635e-05
48683091 0.00780279524771
218196055 0.00252461571013
283207769 0.00123963218348
73449571 0.00367391823334
185688167 0.0014085984485
254056558 0.00510093676396
283969647 0.00289775300633
61771888 0.00263681183652
109813877 0.00112426036778
269858934 0.000196671995371
51826812 0.00119133618814
169967749 0.00195224268064
94003338 0.000999684076442
498776216 2.96397634601e-05
39811227 0.00179631163357
91082908 0.00186232351916
76415133 0.0
83861665 0.010185698711
108441763 0.000551096814592
123054246 0.00126635365075
268445866 0.000611804386059
178616491 0.00114987455173
53029040 0.00495886208586
84095155 0.000129548087923
243323060 0.000827260668002
161046713 0.02442709419
288327871 0.00185533061679
319682752 1.80838204694e-05
280242371 0.00419416853681
235139268 0.000406951978198
91588813 0.000396635304294
219949262 0.00567305213281
223404067 0.00137740999983
203018453 0.00139782651808
204409050 2.70787657394e-05
86122715 0.000640862614915
83828959 0.00312153084154
62540002 0.00433325658364
25780453 9.35267019839e-05
61358313 0.00201374048515
279681266 0.000295868145693
61608179 0.00389749137967
276908282 0.000294995254616
17209595 0.00130158176046
160950525 0.0122488087433
43090176 0.0015587974699
155320577 0.00291440287799
193870085 0.000603993536077
272476423 8.55113159282e-06
86206737 0.004406134109
277172506 0.00011615672598
169863467 0.000430599379331
78922403 0.000115262973729
22815199 0.000472927096183
26589987 0.00728744363682
35408223 0.00104191562832
119370087 0.00488726042479
104063340 0.000921120790451
69276015 0.00128420309204
267278705 0.00772477877389
60825979 0.000158651312143
303651216 0.000178199262468
237318555 0.000555889693326
87171486 0.00141792277151
28455329 0.000524377718128
113449381 0.00165836208578
113852838 9.69687766663e-05
65153448 0.000368265960842
150020524 0.000376210887189
352317874 0.000348060500414
32182710 0.000100980022737
173752759 0.000342447370458
196669891 1.77529945164e-05
29968837 0.000896719618431
68395469 9.44496779568e-05
39973326 0.000334396330844
105971448 0.000599292178834
43856340 0.00119272248239
43706838 0.00738719007224
227817944 0.000888623011118
193354205 0.000202662961189
213617119 1.01796742673e-05
130380538 0.000237450417167
115997168 8.28202442159e-06
316996084 0.00220427340691
30693879 0.00639780012636
290609656 0.00102084573882
295637500 0.000946557540985
181107202 0.00523119284001
267289093 0.00350439872774
228305414 0.000212348288226
288238089 0.00141151488627
213273098 0.00387288278539
269304331 0.00178762601426
270418444 0.00497279530924
71975446 0.000259385028974
223396377 0.000989550076435
147509786 0.00115174767799
48300575 0.00887566387301
132213280 0.00038174443646
20505122 0.00185478126472
102773285 0.00502654724319
210041383 0.00223781671112
83855918 0.0274907239451
168430127 0.00125293621913
225539878 0.0125278534527
180918836 0.00148060081278
160979509 0.00951552841154
267856439 0.00181190678951
239876668 0.00260138221396
24224320 0.000219281676978
271563330 0.000275279008081
260710985 0.000969860340027
293601868 0.000398887288464
172724815 0.000636417649672
217356882 3.66234012756e-05
87429715 0.00465776886452
404865623 0.000654416502483
247300697 0.000874740952943
37704287 0.00396256315612
89713248 3.8750284867e-05
275575393 0.0335602228993
28463717 0.000696534599653
37921383 0.00377528045468
300135017 0.000448979311769
502248046 0.000615819113451
49498735 0.00152731721312
292713073 0.00741131125088
228751987 0.0004196023065
207604346 0.000191085261183
43328128 0.000526416877714
120160897 0.000562748010614
56824454 0.0030698017336
105622153 0.000122329418053
58434192 0.00350340892076
34882196 0.000509211967664
21037719 0.00159700926185
18395247 4.16917556082e-05
329112005 0.00258512458938
14123683 0.0272845196995
238084775 0.000193680017443
22844077 0.00369691275799
267256508 0.00190306961346
231410365 0.0035991998538
117377731 0.0038151533406
50725573 0.00131276082081
47608522 0.0146319759082
59785937 0.00104325288851
54498003 0.00113751129768
205951712 0.000576868050366
217184995 2.69541122759e-06
569096933 0.000916345956229
97942249 0.0
52069104 0.000425706494575
341963514 0.000184982905898
294038273 0.000400652992741
210627341 0.000268300377637
33268497 0.0195158633727
293731094 0.00016287864156
234365719 0.00047993061008
313887512 0.00068364342748
19229473 0.00384427096901
31408930 0.00159269937908
228778787 0.00262433864961
88687403 0.000494722155536
285516588 0.000241511670815
277981997 0.000430947628019
256955184 0.000982565524274
122483510 0.000311513681334
49939257 0.00201606139918
20359647 0.00102889512664
182737724 0.00160222372947
172376896 0.00127065468342
236854083 0.00392358285496
32340805 0.000584981536606
25189194 0.000265426767416
66308941 0.00251912363886
236979026 0.00114360025178
152402774 0.000390169008512
196195164 7.74633452325e-05
84095841 0.00129982578923
267295547 0.00472292497552
248789864 0.00105356960637
264133481 0.000233992814327
243323755 0.00633714034557
74167153 0.000178603093524
204454773 5.32594987637e-05
278133623 0.000512374705872
32408442 0.0029972684971
432456574 0.000195613192321
264446848 0.000452664802708
150455104 1.37546765856e-05
248740740 0.000457826573346
38824843 0.0272347808887
220746642 0.00196565489255
29426580 0.000904094895434
250649493 0.00171094563601
179170204 0.000711018636655
45929373 0.00349138645251
53009311 2.918111056e-05
153531301 0.00234177920526
238623655 0.00044464104073
49629605 3.29750392406e-05
46705581 0.00161605288562
270556083 0.00139878789549
224697273 0.00133316361903
193723322 0.000274699403381
56077244 0.000940408392117
274645950 0.00449710065181
142681025 0.00407833488072
277384132 0.000769608112305
165882825 0.0
103683026 0.000122001847897
275248083 0.000125403974948
208742566 0.00402451276234
98810867 0.000120077464688
37653495 0.0090353569605
273124345 0.000408370270074
109214716 0.0066002650257
216707242 2.48939701967e-05
89021438 0.00103302042201
117046274 0.000338595320795
37792771 0.000161374569031
30395398 0.00313777730746
261872648 0.000354824861418
43328523 0.0331748051307
251591698 0.0227644495814
122950681 0.000814938940618
41405468 0.0012325422783
111610909 0.00144864724955
297380894 8.71995530883e-05
264522245 5.46183859591e-05
240653346 0.00321187216568
218264611 0.00115737093437
197096489 0.000181281616472
287566895 0.00116138842479
292252720 0.00222315820805
270369842 0.000870703077022
253631550 0.00116277001455
147721398 1.34349013521e-05
19909703 0.000225519954917
213711945 0.00263489603892
154659914 0.000129365992375
27272269 0.00574605067453
234349647 0.00981128162882
225098832 0.000981979834428
21036119 0.00267827275955
287781981 0.000342076545325
265192550 0.000114720955174
247540843 0.000216797156144
300631153 0.000678442808078
244085895 0.0
73637003 0.0
88986768 0.0020268489164
295884713 0.00293034042351
229047451 0.000463725311404
40359068 0.0253493454698
103820454 0.000309355867586
258426023 0.000241694653249
27014314 0.00175674869448
85423286 4.15972685127e-05
245095610 0.000628819416517
306623675 0.000552442194476
52702397 0.00201297992279
156380350 0.0726367724938
279229632 0.000329655331107
244081862 0.000656337141643
227082076 0.000710372555446
284544203 6.45369118851e-05
45112524 0.0686851621752
156218577 0.000129368044168
171918553 5.98333278188e-05
219540700 0.000151758945802
36127967 2.36602597136e-05
174185700 0.00288938232898
280655080 2.55793332871e-05
254147817 0.000176241453463
233600234 0.000817233340032
40714791 0.00273634195065
257932524 0.000126629757699
420790483 3.51352850859e-06
69607162 0.000357351644455
100570359 0.00990076709973
29727994 0.000401013650289
65187067 0.00271793791668
77843712 0.000490543013056
291001606 0.000254007798161
358675720 0.000197904533099
360344843 0.00243253183363
38411534 0.00156242975679
78746900 0.000154169565152
121240793 0.0
28308356 0.0105733697968
393590044 0.000666087517816
544574749 0.00108594098904
188841247 0.00035233793282
70628641 0.00885604918514
37397798 0.001618184569
310287657 0.00138396301673
53103918 0.000513219809357
29246770 0.000125768390102
436104499 0.000184310300977
70360628 0.000756373699675
58926395 0.0031675684615
61986109 0.000628951718864
61623625 0.00158285517915
218273099 0.00099901822856
242081101 0.000780853117341
65013070 0.000242369693123
246398288 0.00366198465051
66129243 0.0126930623693
19762524 0.0623409919338
64654685 0.00136229498715
401646950 0.000288699543795
260961646 0.000504024486165
49980783 0.000401910411383
98196849 0.00212386853123
330552692 0.000743189131856
52397436 0.00158254852164
148305295 0.000293101601077
49290658 0.000160343122958
111553960 0.000538047393996
297389481 4.70338284579e-05
307289516 0.000176104876476
216837549 0.000317835212899
263355828 0.00138746926819
21593526 5.90004386504e-05
274996668 0.000135662256493
67562950 0.000970763467251
32417223 0.000149885193848
175149644 0.00437940294549
134563275 0.0259367587999
293995981 5.47777120445e-06
200497519 0.00256850786665
43124180 0.000484148565781
247694811 0.0010132533813
162749920 0.00310999233169
56408315 0.00123358243683
187534827 5.57299855187e-06
291110389 9.09320970443e-05
470195113 0.000294968283985
179213911 0.00288096790183
220997138 0.00391769306405
54003221 0.00275301994076
92882460 0.000716032129158
294784543 0.000351107648952
53732896 0.0318628701842
51590707 0.00135158212022
444198452 0.000498307165452
164122451 0.000422815967747
478981691 7.81550177715e-05
31702589 0.000662357711688
197186352 0.0015598955933
314725957 0.000412076378195
359511622 8.78581206452e-06
172901970 3.44443302683e-05
266591831 5.31792094358e-06
134823513 0.00251372354777
205643354 0.000200493452969
22062686 0.00113479341616
419872351 0.00209316310748
34965095 0.000873757215374
167376496 0.00205356659607
142225011 0.00507300626405
101227454 0.000827803339373
225082998 0.0053860409497
61804151 0.000522395130178
309857915 0.00114158391928
193619580 5.84911047091e-05
24485503 0.00179116299178
220808838 0.00220001675526
267308679 0.00188171712419
57933449 0.00587821859183
97898140 0.00884841726467
244444830 0.000578060661812
274501289 0.000508109147714
53898929 0.00022577599887
26553971 0.000327719573011
283727817 0.00539065030397
291649210 0.000114617380875
451403451 2.40762864995e-05
244889280 0.00323549711782
387835596 0.00271187715644
121827022 0.000732398859298
259802833 7.33588243022e-05
188264147 0.00177564632976
558829275 8.60968445696e-05
85669614 0.00213750340145
202243824 0.00160367114682
260452085 0.000392073170295
31508216 0.000140073608044
166121210 0.0151671679615
165746428 0.00045753460657
45814400 9.3380052603e-05
57339651 9.22134800728e-05
158887692 0.00240058327909
290709262 0.000467699962592
295116564 0.000172559594855
40095510 0.00139671507206
29206300 0.00769129176902
120872742 0.00693696625823
229483237 0.0
305278762 0.000416783692527
32583477 0.000499780259275
127945292 0.00265718336446
253026113 0.000210421254918
326694732 3.15042014238e-05
253007695 0.000616545416769
51978065 0.00230009121682
265426770 0.00115940975027
562630483 0.00235939632838
313296185 0.000520473524273
151087889 9.62542470724e-05
52068189 0.00549375485818
288370527 0.00120831396772
56446819 0.0
199278443 0.00317408848848
214136684 0.00157630648702
69551985 0.000967330503702
281059193 0.00361918608243
228298620 9.59843328353e-05
145778558 0.000920393299566
265916293 0.000506258267474
97066890 0.000221546207931
233109396 2.30944719087e-05
70643606 0.00743768839919
23136154 0.000680668227141
212203422 0.00101976156406
336031649 0.000102223211695
181223330 0.0010854226871
136661659 0.000155795509031
72015785 0.000163593714791
248905643 0.000665210801171
29972400 0.000737603537481
205715380 0.000592856224148
270843834 0.000485318725556
46141376 0.00105185274324
35364809 0.000230401790599
49665998 0.000133393405402
202098639 0.000544763149056
19239587 0.0143620878206
300414286 0.000624000927526
102465497 0.00052510201723
59809760 0.000486994952936
144836578 0.00353252697478
79818725 0.000497522843839
384851943 0.000144381004916
