101017618 0.413825996254
157311000 0.383210440422
161351710 0.436142062277
268484639 0.509394651743
223404067 0.47821800812
32399396 0.455535731055
155320364 0.388375871801
105803824 0.378491100022
17311797 0.410875365265
29855798 0.437798822248
34269240 0.479710884316
35408223 0.478714600028
104572995 0.484755162805
146442319 0.468022497287
17084497 0.460081995836
237389906 0.404033444196
48683091 0.525059407548
218196055 0.432054507804
283207769 0.48628919813
73449571 0.482219832455
185688167 0.490950116962
254056558 0.482724774688
18395247 0.365005668905
61771888 0.438631931329
109813877 0.500545233254
269858934 0.461926011851
51826812 0.386098961329
169967749 0.450637497387
94003338 0.478714600028
498776216 0.398446119125
39811227 0.484245966205
91082908 0.451520234894
76415133 0.349244060475
83861665 0.52208625122
108441763 0.446275082117
208742566 0.491473517939
268445866 0.463318753595
178616491 0.437383453347
53029040 0.482724774688
84095155 0.342752535188
243323060 0.456437782007
161046713 0.560829878135
288327871 0.472338278511
319682752 0.394693629989
280242371 0.505484824372
235139268 0.435729829704
91588813 0.39639050716
219949262 0.488867613815
420790483 0.355986223805
203018453 0.395031842183
204409050 0.356812817204
86122715 0.447574912454
83828959 0.482724774688
62540002 0.507711629766
25780453 0.344288394195
61358313 0.386098961329
279681266 0.446275082117
61608179 0.50108930416
276908282 0.372376542671
17209595 0.485776775371
160950525 0.534805289823
43090176 0.472822728028
155320577 0.481715945483
193870085 0.380678909849
272476423 0.427249453037
86206737 0.443697940161
277172506 0.427645788337
33268497 0.513365434106
31702589 0.361570321433
169863467 0.459623289957
22815199 0.369985682044
26589987 0.477722445417
229483237 0.351641616954
119370087 0.480711324116
104063340 0.409052493192
69276015 0.383210440422
267278705 0.529887540031
60825979 0.367039936168
444198452 0.433680300872
303651216 0.365874730022
237318555 0.477227908724
87171486 0.448882336735
28455329 0.417196524731
113449381 0.5105228791
113852838 0.408689858003
65153448 0.441996318147
150020524 0.453742283295
352317874 0.402270645573
32182710 0.372677574638
173752759 0.373281101075
196669891 0.317713411321
29968837 0.448882336735
68395469 0.422163150025
39973326 0.350571984659
105971448 0.463784869041
43856340 0.461926011851
43706838 0.542994298972
227817944 0.46945230125
69607162 0.452850844624
213617119 0.357089202035
115997168 0.405098558723
88041971 0.0
316996084 0.489386581558
30693879 0.528672201637
290609656 0.493050438318
295637500 0.489906652314
181107202 0.487317293686
264522245 0.370282859299
228305414 0.453742283295
288238089 0.492523675029
213273098 0.507711629766
269304331 0.494637510544
270418444 0.50108930416
71975446 0.327183931744
223396377 0.400871443328
147509786 0.454637238488
48300575 0.538553925032
132213280 0.455535731055
20505122 0.467547829439
102773285 0.493050438318
210041383 0.451078434273
83855918 0.572673490469
168430127 0.404742897127
180918836 0.468974730241
160979509 0.54235548215
267856439 0.494637510544
239876668 0.497305458282
24224320 0.428042859635
271563330 0.461463623451
260710985 0.468022497287
293601868 0.433680300872
172724815 0.46945230125
217356882 0.361004040585
87429715 0.495168807548
404865623 0.471854820703
247300697 0.467547829439
37704287 0.488867613815
89713248 0.323510287598
275575393 0.570547227509
28463717 0.476241900648
37921383 0.473794614416
300135017 0.395031842183
502248046 0.447574912454
49498735 0.412714556694
292713073 0.518562609479
228751987 0.445412714809
207604346 0.402270645573
45814400 0.400175485961
120160897 0.466601376343
56824454 0.490427829603
105622153 0.354344473349
58434192 0.50827140003
34882196 0.469930845899
21037719 0.473308172307
283969647 0.501634559116
329112005 0.505484824372
78922403 0.419856247566
238084775 0.365294896852
22844077 0.50327746706
470195113 0.4656587473
267256508 0.495701247126
231410365 0.501634559116
117377731 0.386746778379
50725573 0.399481940925
47608522 0.550121909102
59785937 0.491473517939
54498003 0.468974730241
205951712 0.469930845899
217184995 0.331895003475
120872742 0.497305458282
97942249 0.312968200833
52069104 0.409779697624
130380538 0.383210440422
294038273 0.443697940161
210627341 0.428440668984
151087889 0.397758550325
293731094 0.45329612569
234365719 0.450197421706
313887512 0.44030769802
19229473 0.421391370957
31408930 0.497305458282
228778787 0.426458982264
88687403 0.465188859563
285516588 0.414570287614
277981997 0.4656587473
193354205 0.415317261106
256955184 0.456890148491
122483510 0.428839218444
49939257 0.490950116962
267295547 0.515662371171
182737724 0.467547829439
172376896 0.480711324116
236854083 0.497305458282
32340805 0.396731634963
25189194 0.351641616954
66308941 0.496769568779
236979026 0.460081995836
152402774 0.422163150025
196195164 0.387071502794
84095841 0.409779697624
248789864 0.493578329579
264133481 0.463784869041
243323755 0.509394651743
74167153 0.45329612569
204454773 0.41909287257
278133623 0.444553673893
32408442 0.427645788337
432456574 0.459165497836
264446848 0.46945230125
150455104 0.433272706605
248740740 0.470890868056
38824843 0.564953627239
220746642 0.489386581558
29426580 0.442420498874
250649493 0.4656587473
179170204 0.481213110467
45929373 0.494637510544
53009311 0.32170422877
153531301 0.485265431397
238623655 0.468022497287
49629605 0.400871443328
46705581 0.405454845934
270556083 0.480210583153
19239587 0.452850844624
224697273 0.479212224353
193723322 0.451962901791
56077244 0.466601376343
274645950 0.507153091119
142681025 0.50218100199
277384132 0.460081995836
165882825 0.371476357637
103683026 0.452406437514
275248083 0.448882336735
123054246 0.489386581558
164122451 0.372376542671
37653495 0.509958141402
273124345 0.42410502284
109214716 0.472338278511
216707242 0.372677574638
89021438 0.463318753595
117046274 0.420238978876
37792771 0.373583597915
30395398 0.448445680766
261872648 0.438631931329
43328523 0.574099825439
251591698 0.551437990224
122950681 0.447574912454
41405468 0.434088662737
111610909 0.432865877772
297380894 0.30170298418
267289093 0.513365434106
240653346 0.499460628198
218264611 0.455535731055
197096489 0.46425192329
287566895 0.459165497836
292252720 0.450197421706
270369842 0.461463623451
253631550 0.489906652314
147721398 0.370878648292
19909703 0.46425192329
213711945 0.495168807548
154659914 0.454189320027
27272269 0.519731860008
234349647 0.525059407548
225098832 0.461926011851
21036119 0.498920086393
287781981 0.464719919181
265192550 0.320140388769
247540843 0.430039328197
300631153 0.399481940925
244085895 0.347401778317
73637003 0.411976907799
88986768 0.450637497387
229047451 0.480711324116
40359068 0.544276457883
103820454 0.460541618209
258426023 0.455986310413
27014314 0.464719919181
569096933 0.456437782007
85423286 0.427249453037
245095610 0.435318375663
306623675 0.461002159827
52702397 0.489906652314
156380350 0.630645909476
279229632 0.453742283295
244081862 0.467547829439
284544203 0.420622408601
45112524 0.604196801871
156218577 0.437798822248
171918553 0.35931579098
219540700 0.389359932286
36127967 0.310857828609
174185700 0.50108930416
280655080 0.35931579098
254147817 0.446275082117
233600234 0.464719919181
40714791 0.493050438318
257932524 0.421776907436
100570359 0.532950473789
29727994 0.454637238488
65187067 0.398102037847
77843712 0.461002159827
291001606 0.470410367171
358675720 0.463318753595
341963514 0.464719919181
360344843 0.445412714809
38411534 0.441150392179
78746900 0.419856247566
121240793 0.350838782212
28308356 0.509394651743
393590044 0.461926011851
544574749 0.450637497387
188841247 0.376328293737
70628641 0.498920086393
37397798 0.480210583153
310287657 0.499460628198
53103918 0.448882336735
29246770 0.410144270309
436104499 0.447140795177
313296185 0.436555075594
58926395 0.500002342546
61986109 0.45779757679
61623625 0.473794614416
218273099 0.470890868056
242081101 0.475259958585
65013070 0.462389327811
246398288 0.50659578003
66129243 0.552760383486
19762524 0.609791216703
64654685 0.477227908724
401646950 0.461463623451
260961646 0.422163150025
49980783 0.426853851692
98196849 0.493050438318
330552692 0.353258360021
20359647 0.479710884316
52397436 0.482724774688
148305295 0.436555075594
32878627 0.497842505213
49290658 0.365584583527
111553960 0.409415772493
297389481 0.461002159827
307289516 0.441572950026
216837549 0.454637238488
263355828 0.45779757679
21593526 0.441150392179
274996668 0.35931579098
67562950 0.380678909849
32417223 0.391675581841
175149644 0.505484824372
134563275 0.574815660632
293995981 0.324649408329
200497519 0.501634559116
43124180 0.346097717588
247694811 0.466129585265
162749920 0.435729829704
56408315 0.480210583153
187534827 0.325107305943
291110389 0.413454851863
72015785 0.371177262341
266591831 0.349244060475
220997138 0.50883240599
54003221 0.509394651743
92882460 0.44030769802
294784543 0.451078434273
53732896 0.574099825439
51590707 0.475259958585
70360628 0.438631931329
478981691 0.454189320027
266182205 0.454637238488
197186352 0.442420498874
314725957 0.448009873496
359511622 0.433680300872
172901970 0.365294896852
179213911 0.509394651743
134823513 0.492523675029
205643354 0.447574912454
22062686 0.38225718062
419872351 0.496769568779
34965095 0.387396772964
167376496 0.498920086393
142225011 0.482724774688
101227454 0.445412714809
225082998 0.493050438318
61804151 0.373886585424
309857915 0.46425192329
193619580 0.418712225093
24485503 0.45329612569
220808838 0.490950116962
267308679 0.461926011851
57933449 0.520318464816
97898140 0.539183812663
244444830 0.470410367171
274501289 0.463784869041
53898929 0.437798822248
26553971 0.379425645948
35364809 0.372979093711
291649210 0.388375871801
451403451 0.371476357637
244889280 0.487317293686
387835596 0.480210583153
121827022 0.372075996632
259802833 0.451962901791
188264147 0.397073350411
558829275 0.437383453347
85669614 0.472822728028
202243824 0.398790795698
260452085 0.466601376343
31508216 0.366456406858
166121210 0.543634622438
165746428 0.452850844624
43328128 0.474282057435
57339651 0.443271307526
158887692 0.493050438318
290709262 0.437798822248
295116564 0.42567143105
40095510 0.489906652314
29206300 0.509394651743
225539878 0.516239820635
305278762 0.413454851863
32583477 0.436555075594
127945292 0.468974730241
253026113 0.458708616743
326694732 0.424495543119
253007695 0.436555075594
51978065 0.498920086393
265426770 0.479710884316
562630483 0.485265431397
227082076 0.454637238488
52068189 0.499460628198
288370527 0.489906652314
56446819 0.377252176618
199278443 0.470890868056
214136684 0.481715945483
69551985 0.490950116962
281059193 0.496769568779
228298620 0.432459812221
145778558 0.466601376343
265916293 0.474282057435
97066890 0.461463623451
233109396 0.33117971252
70643606 0.527462425432
23136154 0.467074123432
212203422 0.460081995836
336031649 0.418332268446
181223330 0.45329612569
136661659 0.421776907436
295884713 0.50827140003
248905643 0.463318753595
29972400 0.444125394824
98810867 0.439468217185
205715380 0.454189320027
270843834 0.470890868056
46141376 0.469930845899
283727817 0.505484824372
49665998 0.394693629989
202098639 0.468498129906
14123683 0.537298554577
300414286 0.405098558723
102465497 0.477227908724
59809760 0.445412714809
144836578 0.51222462203
79818725 0.467547829439
384851943 0.406886284049
