101017618 0.0410367170626
157311000 0.0194384449244
161351710 0.0280777537797
268484639 0.159827213823
223404067 0.0712742980562
32399396 0.0669546436285
155320364 0.0259179265659
105803824 0.0129589632829
17311797 0.0496760259179
29855798 0.0431965442765
34269240 0.0863930885529
35408223 0.0583153347732
104572995 0.107991360691
146442319 0.060475161987
17084497 0.0583153347732
237389906 0.0259179265659
48683091 0.198704103672
218196055 0.0626349892009
283207769 0.0863930885529
73449571 0.0777537796976
185688167 0.105831533477
254056558 0.0647948164147
18395247 0.0107991360691
61771888 0.0518358531317
109813877 0.0863930885529
269858934 0.0453563714903
51826812 0.0151187904968
169967749 0.0302375809935
94003338 0.0863930885529
498776216 0.0172786177106
39811227 0.103671706263
91082908 0.0647948164147
76415133 0.0151187904968
83861665 0.144708423326
108441763 0.0475161987041
208742566 0.125269978402
268445866 0.0712742980562
178616491 0.0410367170626
53029040 0.0820734341253
84095155 0.0151187904968
243323060 0.0928725701944
161046713 0.257019438445
288327871 0.097192224622
319682752 0.0410367170626
280242371 0.123110151188
235139268 0.0539956803456
91588813 0.0237580993521
219949262 0.0842332613391
420790483 0.0151187904968
203018453 0.0323974082073
204409050 0.0151187904968
86122715 0.0453563714903
83828959 0.0950323974082
62540002 0.142548596112
25780453 0.0107991360691
61358313 0.0280777537797
279681266 0.0496760259179
61608179 0.097192224622
276908282 0.0129589632829
17209595 0.0712742980562
160950525 0.194384449244
43090176 0.0820734341253
155320577 0.0907127429806
193870085 0.0388768898488
272476423 0.0107991360691
86206737 0.0539956803456
277172506 0.0453563714903
33268497 0.140388768898
31702589 0.0302375809935
169863467 0.0561555075594
22815199 0.0280777537797
26589987 0.0799136069114
229483237 0.00647948164147
119370087 0.07343412527
104063340 0.0280777537797
69276015 0.0194384449244
267278705 0.211663066955
60825979 0.0259179265659
444198452 0.0431965442765
303651216 0.0259179265659
237318555 0.0691144708423
87171486 0.0302375809935
28455329 0.0475161987041
113449381 0.131749460043
113852838 0.0215982721382
65153448 0.0453563714903
150020524 0.0539956803456
352317874 0.0410367170626
32182710 0.0215982721382
173752759 0.0194384449244
196669891 0.00863930885529
29968837 0.0626349892009
68395469 0.0215982721382
39973326 0.0107991360691
105971448 0.060475161987
43856340 0.0626349892009
43706838 0.218142548596
227817944 0.0950323974082
69607162 0.0583153347732
213617119 0.00863930885529
115997168 0.0194384449244
88041971 0.0
316996084 0.097192224622
30693879 0.168466522678
290609656 0.11879049676
295637500 0.0928725701944
181107202 0.127429805616
264522245 0.0172786177106
228305414 0.0496760259179
288238089 0.0863930885529
213273098 0.131749460043
269304331 0.120950323974
270418444 0.112311015119
71975446 0.0107991360691
223396377 0.0194384449244
147509786 0.0345572354212
48300575 0.226781857451
132213280 0.036717062635
20505122 0.0647948164147
102773285 0.0907127429806
210041383 0.036717062635
83855918 0.300215982721
168430127 0.0259179265659
180918836 0.097192224622
160979509 0.215982721382
267856439 0.138228941685
239876668 0.114470842333
24224320 0.036717062635
271563330 0.0820734341253
260710985 0.0518358531317
293601868 0.0431965442765
172724815 0.0626349892009
217356882 0.00863930885529
87429715 0.116630669546
404865623 0.0755939524838
247300697 0.0561555075594
37704287 0.0820734341253
89713248 0.0172786177106
275575393 0.29373650108
28463717 0.0496760259179
37921383 0.097192224622
300135017 0.0323974082073
502248046 0.0518358531317
49498735 0.0453563714903
292713073 0.138228941685
228751987 0.0799136069114
207604346 0.0755939524838
45814400 0.0410367170626
120160897 0.0863930885529
56824454 0.0863930885529
105622153 0.0215982721382
58434192 0.123110151188
34882196 0.0755939524838
21037719 0.07343412527
283969647 0.0907127429806
329112005 0.138228941685
78922403 0.0712742980562
238084775 0.0129589632829
22844077 0.123110151188
470195113 0.0583153347732
267256508 0.127429805616
231410365 0.133909287257
117377731 0.0280777537797
50725573 0.0345572354212
47608522 0.24838012959
59785937 0.107991360691
54498003 0.0410367170626
205951712 0.0928725701944
217184995 0.00647948164147
120872742 0.116630669546
97942249 0.00215982721382
52069104 0.0172786177106
130380538 0.0259179265659
294038273 0.0755939524838
210627341 0.036717062635
151087889 0.0172786177106
293731094 0.0431965442765
234365719 0.0777537796976
313887512 0.0626349892009
19229473 0.0345572354212
31408930 0.129589632829
228778787 0.0172786177106
88687403 0.0561555075594
285516588 0.0410367170626
277981997 0.0431965442765
193354205 0.0431965442765
256955184 0.0496760259179
122483510 0.0215982721382
49939257 0.123110151188
267295547 0.17494600432
182737724 0.07343412527
172376896 0.0583153347732
236854083 0.0993520518359
32340805 0.0453563714903
25189194 0.0172786177106
66308941 0.11879049676
236979026 0.0799136069114
152402774 0.0453563714903
196195164 0.0280777537797
84095841 0.0237580993521
248789864 0.0777537796976
264133481 0.0799136069114
243323755 0.170626349892
74167153 0.0647948164147
204454773 0.0259179265659
278133623 0.0863930885529
32408442 0.0323974082073
432456574 0.0345572354212
264446848 0.0885529157667
150455104 0.0237580993521
248740740 0.0583153347732
38824843 0.285097192225
220746642 0.103671706263
29426580 0.0496760259179
250649493 0.0539956803456
179170204 0.103671706263
45929373 0.133909287257
53009311 0.0107991360691
153531301 0.0863930885529
238623655 0.0475161987041
49629605 0.0388768898488
46705581 0.0388768898488
270556083 0.105831533477
19239587 0.060475161987
224697273 0.0561555075594
193723322 0.0799136069114
56077244 0.0691144708423
274645950 0.123110151188
142681025 0.125269978402
277384132 0.0475161987041
165882825 0.00647948164147
103683026 0.0280777537797
275248083 0.0712742980562
123054246 0.0907127429806
164122451 0.0215982721382
37653495 0.153347732181
273124345 0.0453563714903
109214716 0.0777537796976
216707242 0.00863930885529
89021438 0.0388768898488
117046274 0.036717062635
37792771 0.0215982721382
30395398 0.0518358531317
261872648 0.036717062635
43328523 0.302375809935
251591698 0.252699784017
122950681 0.0496760259179
41405468 0.0302375809935
111610909 0.0669546436285
297380894 0.00647948164147
267289093 0.149028077754
240653346 0.0928725701944
218264611 0.0475161987041
197096489 0.0777537796976
287566895 0.097192224622
292252720 0.0496760259179
270369842 0.0626349892009
253631550 0.103671706263
147721398 0.0237580993521
19909703 0.0431965442765
213711945 0.138228941685
154659914 0.036717062635
27272269 0.17494600432
234349647 0.185745140389
225098832 0.0755939524838
21036119 0.11879049676
287781981 0.0755939524838
265192550 0.0172786177106
247540843 0.0431965442765
300631153 0.0259179265659
244085895 0.0129589632829
73637003 0.00863930885529
88986768 0.0388768898488
229047451 0.0647948164147
40359068 0.196544276458
103820454 0.0323974082073
258426023 0.0669546436285
27014314 0.0820734341253
569096933 0.0626349892009
85423286 0.0302375809935
245095610 0.0431965442765
306623675 0.0539956803456
52702397 0.0928725701944
156380350 0.444924406048
279229632 0.060475161987
244081862 0.0777537796976
284544203 0.0410367170626
45112524 0.369330453564
156218577 0.0302375809935
171918553 0.0151187904968
219540700 0.0129589632829
36127967 0.0107991360691
174185700 0.136069114471
280655080 0.0345572354212
254147817 0.0345572354212
233600234 0.0863930885529
40714791 0.0993520518359
257932524 0.0129589632829
100570359 0.200863930886
29727994 0.0388768898488
65187067 0.0129589632829
77843712 0.0820734341253
291001606 0.0820734341253
358675720 0.0647948164147
341963514 0.0647948164147
360344843 0.0431965442765
38411534 0.0626349892009
78746900 0.0431965442765
121240793 0.00431965442765
28308356 0.125269978402
393590044 0.0777537796976
544574749 0.0280777537797
188841247 0.0259179265659
70628641 0.138228941685
37397798 0.0863930885529
310287657 0.0950323974082
53103918 0.0496760259179
29246770 0.0583153347732
436104499 0.0518358531317
313296185 0.0410367170626
58926395 0.131749460043
61986109 0.0431965442765
61623625 0.0712742980562
218273099 0.0907127429806
242081101 0.0907127429806
65013070 0.0777537796976
246398288 0.127429805616
66129243 0.244060475162
19762524 0.401727861771
64654685 0.103671706263
401646950 0.0561555075594
260961646 0.0496760259179
49980783 0.060475161987
98196849 0.11879049676
330552692 0.0151187904968
20359647 0.0842332613391
52397436 0.0691144708423
148305295 0.0280777537797
32878627 0.112311015119
49290658 0.00863930885529
111553960 0.0259179265659
297389481 0.0302375809935
307289516 0.036717062635
216837549 0.0539956803456
263355828 0.0669546436285
21593526 0.036717062635
274996668 0.0172786177106
67562950 0.0388768898488
32417223 0.0259179265659
175149644 0.133909287257
134563275 0.298056155508
293995981 0.00863930885529
200497519 0.123110151188
43124180 0.0194384449244
247694811 0.0842332613391
162749920 0.0539956803456
56408315 0.0799136069114
187534827 0.0107991360691
291110389 0.0302375809935
72015785 0.036717062635
266591831 0.0107991360691
220997138 0.120950323974
54003221 0.133909287257
92882460 0.0496760259179
294784543 0.0431965442765
53732896 0.287257019438
51590707 0.0453563714903
70360628 0.0280777537797
478981691 0.0410367170626
266182205 0.0518358531317
197186352 0.0561555075594
314725957 0.0475161987041
359511622 0.0151187904968
172901970 0.0172786177106
179213911 0.133909287257
134823513 0.114470842333
205643354 0.0777537796976
22062686 0.0323974082073
419872351 0.103671706263
34965095 0.0215982721382
167376496 0.0928725701944
142225011 0.0691144708423
101227454 0.0496760259179
225082998 0.120950323974
61804151 0.0151187904968
309857915 0.0561555075594
193619580 0.0280777537797
24485503 0.0626349892009
220808838 0.103671706263
267308679 0.0712742980562
57933449 0.14686825054
97898140 0.211663066955
244444830 0.0799136069114
274501289 0.0518358531317
53898929 0.0280777537797
26553971 0.0280777537797
35364809 0.0215982721382
291649210 0.0583153347732
451403451 0.0172786177106
244889280 0.0669546436285
387835596 0.0561555075594
121827022 0.0129589632829
259802833 0.0259179265659
188264147 0.0194384449244
558829275 0.0302375809935
85669614 0.0950323974082
202243824 0.0431965442765
260452085 0.0885529157667
31508216 0.0194384449244
166121210 0.209503239741
165746428 0.07343412527
43328128 0.07343412527
57339651 0.036717062635
158887692 0.103671706263
290709262 0.0453563714903
295116564 0.0323974082073
40095510 0.0755939524838
29206300 0.136069114471
225539878 0.161987041037
305278762 0.0453563714903
32583477 0.0583153347732
127945292 0.0626349892009
253026113 0.036717062635
326694732 0.0237580993521
253007695 0.0323974082073
51978065 0.107991360691
265426770 0.0950323974082
562630483 0.0691144708423
227082076 0.0820734341253
52068189 0.0928725701944
288370527 0.0907127429806
56446819 0.00647948164147
199278443 0.0863930885529
214136684 0.0583153347732
69551985 0.0950323974082
281059193 0.10151187905
228298620 0.0215982721382
145778558 0.0755939524838
265916293 0.0907127429806
97066890 0.0691144708423
233109396 0.0129589632829
70643606 0.172786177106
23136154 0.0539956803456
212203422 0.0453563714903
336031649 0.0323974082073
181223330 0.060475161987
136661659 0.0302375809935
295884713 0.114470842333
248905643 0.0410367170626
29972400 0.0669546436285
98810867 0.0453563714903
205715380 0.0691144708423
270843834 0.0863930885529
46141376 0.0691144708423
283727817 0.110151187905
49665998 0.0237580993521
202098639 0.10151187905
14123683 0.194384449244
300414286 0.036717062635
102465497 0.0475161987041
59809760 0.0907127429806
144836578 0.142548596112
79818725 0.0777537796976
384851943 0.0302375809935
