94003338 0.04786684711120173
229047451 0.037989740726549225
122950681 0.02197954103890841
295637500 0.05525081412559464
45112524 0.1449066141935697
213711945 0.07454037176508077
37653495 0.06435277806749892
156380350 0.18398248012146476
72015785 0.007778105029942787
309857915 0.026031755194783596
352317874 0.010937649511774249
47608522 0.11623868071180378
83855918 0.13932023027549253
263355828 0.023924807768678415
30693879 0.0854660794905944
236854083 0.049361088981357236
292252720 0.01587538965451458
19229473 0.008054008468699983
70360628 0.012850167523895869
117377731 0.003423523346180551
187534827 0.0005295132976218626
233109396 0.000748893732921917
53009311 0.0004669826910616232
53732896 0.13600168601200685
51826812 0.0031118297275768026
188264147 0.0058584608513832966
69276015 0.004132097089640897
19239587 0.01405224115991755
111553960 0.008301067431577337
213617119 0.002785568761171353
155320577 0.03953680233525888
178616491 0.015990295201418387
160950525 0.09466838639958419
22844077 0.06743275596693286
98810867 0.025525879594863164
66129243 0.12696963337769301
37921383 0.04627596947079834
65153448 0.026055924580197273
174185700 0.07121193223136386
58926395 0.07335800878952725
23136154 0.030475006236707704
180918836 0.049914019855872606
436104499 0.03078638450318429
264446848 0.051559687583539515
97898140 0.10941928252713404
24485503 0.02508850711610918
62540002 0.07195116710318526
33268497 0.06471312575721484
544574749 0.013840568174328204
244085895 0.002064890580383783
275575393 0.1178628323842172
200497519 0.06783745917505365
21036119 0.06541610392533179
260961646 0.014356401253477065
29968837 0.02522376271659475
91082908 0.01703955146804918
70643606 0.0972887690224026
20505122 0.027885620451871727
43856340 0.027656768903886596
274501289 0.024055307195227433
109813877 0.05368261728781866
32878627 0.06454595766114223
43328523 0.14104396616880902
292713073 0.07566734075806826
100570359 0.10403128423160211
120160897 0.05183064427538161
202098639 0.06304586058675396
43706838 0.12612621347529704
199278443 0.03311526291855059
134563275 0.14848468963432437
293601868 0.01752718532603746
113449381 0.08467221439277543
120872742 0.053634701524641365
142225011 0.019935632598830536
43328128 0.043399651885733845
102465497 0.03148758756068963
179213911 0.07340165935799851
51590707 0.029260128295590396
66308941 0.06187964634682764
48300575 0.12445755239163808
153531301 0.03936388715614529
248789864 0.04559992391363502
283969647 0.05861003262494692
123054246 0.05861982398946959
360344843 0.015698385782512446
160979509 0.11207815413971642
223404067 0.03539312930441249
171918553 0.0022295497170698986
203018453 0.004830653720225753
61608179 0.053625256365266966
295884713 0.0601917918886744
254056558 0.03046890900974772
217184995 0.000831721925308452
49290658 0.0023783051564831305
269304331 0.07244671071067071
205715380 0.03861145835370882
144836578 0.07605088798531488
31408930 0.07878165339924549
205951712 0.05401601220604772
193723322 0.04536014693638761
179170204 0.06346142269422647
49498735 0.014803159842556996
225539878 0.07103501917766267
105971448 0.036826680330485216
197096489 0.05001928230530507
205643354 0.04570627179138912
291001606 0.052352837447299155
290609656 0.07492317160614034
275248083 0.04313732059692921
270843834 0.051028053748806014
278133623 0.04849330554457451
271563330 0.051743019432321645
268484639 0.08507667277142691
264133481 0.05042021521282019
32399396 0.03951195785518002
185688167 0.06521927670205793
48683091 0.10562722308465669
49939257 0.0723200662983122
111610909 0.017871102712215946
157311000 0.005770517419580421
193354205 0.014798930076938124
225082998 0.05779928325509199
182737724 0.03159075182053279
38411534 0.016998361647846648
32340805 0.009944543550967327
21037719 0.03381186030774331
265192550 0.00051155697764152
19762524 0.1604730786982137
77843712 0.03626624522399408
404865623 0.03631069941063825
29246770 0.02085376057077281
294038273 0.029371047894201203
20359647 0.04460754012733695
287781981 0.03355511392107985
287566895 0.039731999318945325
227082076 0.03298465404535283
104572995 0.048637381715958695
244081862 0.033632991742151716
39811227 0.04796307237454851
207604346 0.024629810181103533
227817944 0.041051390131003326
234365719 0.03189604287673152
134823513 0.04962744719039118
228751987 0.03181638198773192
243323060 0.03573219446148869
218273099 0.04284532769441675
79818725 0.03491522224630056
59809760 0.03533422672213541
78922403 0.026553671285119138
70628641 0.042417326364000814
231410365 0.06526496679950089
69607162 0.03298247950460547
478981691 0.022905567327447657
61771888 0.01407208780951959
54003221 0.07319487703242568
393590044 0.03511776163563257
401646950 0.02886293846331827
358675720 0.033595514275230866
319682752 0.016521246409237862
49980783 0.02440815407165578
279229632 0.027177624697647104
265426770 0.045778411554381136
270556083 0.054373225912144885
247694811 0.035738212708326694
165746428 0.03146797558830155
243323755 0.07439066510500915
244444830 0.03926155865586512
242081101 0.04435418929379067
233600234 0.04201895904855064
234349647 0.08798175381802435
45929373 0.05705703413665907
67562950 0.00671806652574944
26589987 0.02417667162351875
253631550 0.06124994031064605
285516588 0.012206536435783783
267308679 0.03009807646714484
261872648 0.013875043160448436
28455329 0.013150595385503455
288238089 0.048691635375065476
17311797 0.009567836501442432
267856439 0.08226660589487209
219949262 0.047481556604530885
145778558 0.038464391818769775
73449571 0.03920193841559785
306623675 0.026056695671740286
228305414 0.026499519866815348
54498003 0.02525962825094144
270369842 0.025211831322412896
288327871 0.042232552148154565
288370527 0.04818286238562276
247540843 0.020044775909956025
246398288 0.06597017710269701
220746642 0.05454215676965149
169863467 0.02890329009726639
56077244 0.03721649534343149
172724815 0.033555606426066295
569096933 0.0300267757024567
248740740 0.03475748909073908
53103918 0.02791986343447329
49629605 0.01652955626105101
213273098 0.07569456970160142
470195113 0.03439410379000435
119370087 0.03154557568868906
84095155 0.001581898477072832
84095841 0.008100432891362341
387835596 0.02719082544434085
29972400 0.03388413626720601
444198452 0.01755446203046628
127945292 0.029951299163667087
53029040 0.030218817563038656
432456574 0.026669635113465057
45814400 0.013683681139391456
78746900 0.016948926731237664
210627341 0.014438470098704683
108441763 0.020608625547108475
46141376 0.0341262101533512
58434192 0.06472088252320898
68395469 0.009728654057081459
155320364 0.008978906812760737
38824843 0.12199232141846485
27014314 0.030402937926064324
270418444 0.05458105828774231
43090176 0.04263009717248664
239876668 0.06747823912461366
31508216 0.004115734835349784
130380538 0.006399430501649169
104063340 0.006563844313519311
30395398 0.013778746828958037
37792771 0.005187512110806476
267256508 0.07948964465305401
267278705 0.11248737301004233
27272269 0.10174305135803405
51978065 0.061854237404010526
28308356 0.04417324326714808
217356882 0.0017407566339158423
220808838 0.059592680305741524
61623625 0.039239203436152746
85669614 0.045954070293567365
277384132 0.02672579283039621
24224320 0.018128041145904578
181223330 0.031617718746089936
59785937 0.062227646268010875
17209595 0.04189446117395864
300135017 0.009735951983188463
151087889 0.007158642324984226
83828959 0.04448001688240136
336031649 0.013162259006422301
291110389 0.011359216268724937
281059193 0.0481274182315815
101017618 0.013286544904972341
76415133 0.002371193081906225
162749920 0.017428211592507268
210041383 0.015176575221797212
204454773 0.014910129319920057
142681025 0.0622596090726912
115997168 0.009640928148129982
29727994 0.02077677370275127
193619580 0.014169645496619128
98196849 0.053612802018418254
272476423 0.008964709821440013
14123683 0.07915988468612861
238623655 0.025983697365233583
40359068 0.07247753769294987
172376896 0.028029768029438518
52702397 0.05527561936348096
19909703 0.023524756397470908
260710985 0.02807614831084523
250649493 0.02046925849328141
88986768 0.014476687907397796
29855798 0.018112735515310452
273124345 0.01720845770855582
57933449 0.07709734117970647
40095510 0.0421721920831142
22062686 0.005689260451493672
29426580 0.016828712383938897
56408315 0.043427152851735054
283727817 0.054282576404950954
87429715 0.053322571660646974
256955184 0.024157179725027084
307289516 0.018894407558503894
558829275 0.019747122236085057
216837549 0.026644147088665433
181107202 0.06164236496124394
208742566 0.06060694408165482
152402774 0.021916145022713707
310287657 0.06056966705377535
260452085 0.0534029851163874
265916293 0.05694588319476289
193870085 0.009915620035062469
18395247 0.0027237294058630483
294784543 0.021064202040474017
277981997 0.024614347889130757
102773285 0.0467733615802578
167376496 0.05826767157494996
109214716 0.02444297111019876
329112005 0.08434522021910729
65013070 0.05025340847838592
35408223 0.03344850177387617
236979026 0.03913961908730668
266182205 0.02581344990579008
37397798 0.038470474188744025
253026113 0.019944579459994016
28463717 0.026374018151166925
161351710 0.014363744387685031
88687403 0.026043783645254243
269858934 0.027150574842872574
40714791 0.0461917045059594
86122715 0.015707171864828586
166121210 0.10219065955047787
451403451 0.0056030447416013625
161046713 0.12177670049275771
103683026 0.01575033779855446
29206300 0.0720568308704074
247300697 0.02499318777727725
240653346 0.04895338250593751
196195164 0.007579462669291203
154659914 0.01740737889747744
214136684 0.027234134335953057
117046274 0.012560319239862346
316996084 0.05114626070107315
26553971 0.009742067778188744
283207769 0.04882217517853704
158887692 0.05699220504748844
237318555 0.04310878498563816
175149644 0.07790977728629028
279681266 0.02242517008564037
313887512 0.024615649800436012
277172506 0.020126534114613282
274645950 0.06868247121440829
89021438 0.021085643199843046
52397436 0.03792244285910748
34269240 0.053414337615913736
218196055 0.02939188427196194
293731094 0.026836183717896613
56824454 0.05485055577831399
267289093 0.08568265459275835
202243824 0.007991908413702358
253007695 0.01447841701562398
52068189 0.05067969831454084
204409050 0.0031270064085831472
244889280 0.03126191632398526
341963514 0.03839487341527793
97066890 0.04525879246832518
268445866 0.041565401560774526
69551985 0.05998270174997818
34882196 0.0470551843137485
150020524 0.031373643207657356
330552692 0.0019267869573060268
196669891 0.00034999108131617397
293995981 0.00044395990918487854
225098832 0.031171343189263827
291649210 0.018632111367736428
31702589 0.003001259790890788
218264611 0.01784112196682779
101227454 0.016319973537270948
245095610 0.013037526739714991
314725957 0.023869548197804912
87171486 0.012848142730897754
17084497 0.025550992487828838
290709262 0.023115922931943794
64654685 0.05576110440761894
37704287 0.044079274653921405
85423286 0.019993041780182616
156218577 0.016269223722595788
53898929 0.012969890414004604
32182710 0.005840901653467754
303651216 0.005102399579362051
32417223 0.006517550206595388
212203422 0.0226621214601886
148305295 0.011892075302698616
32583477 0.034571172620245304
267295547 0.10120960036146992
65187067 0.004518938659110302
297380894 0.000236781042173351
71975446 0.0007076311595274014
220997138 0.07183510195226538
122483510 0.010200591770890062
74167153 0.03840113987526183
103820454 0.020433972564228273
297389481 0.022971325550618496
224697273 0.03873374891519643
132213280 0.017995282638608976
254147817 0.017455075728738882
61986109 0.02070476449522609
264522245 0.00564703420348133
419872351 0.0604286922853527
284544203 0.01843596323162636
280242371 0.07008628447494983
50725573 0.007937978119798966
57339651 0.019683256649138565
228298620 0.010911066037990498
92882460 0.021504072223687155
22815199 0.004510497537796921
86206737 0.011472645316468598
61804151 0.0033936162009623946
121240793 0.001450861703868176
384851943 0.008986062088500084
313296185 0.01378890002466387
266591831 0.0021435696350695817
43124180 0.0013698911136722925
146442319 0.030229428672990347
73637003 0.00660354951184354
164122451 0.003639755821263172
219540700 0.004579877726870508
300414286 0.012599535964112821
258426023 0.037515844514950145
300631153 0.00825917723369794
61358313 0.008246633990779894
502248046 0.027520707394087456
305278762 0.016116348330945197
25189194 0.0017979834850295777
46705581 0.010436774270870721
35364809 0.004862519253650714
235139268 0.020673472577393458
248905643 0.02330715929227745
420790483 0.005438790198359808
237389906 0.014287480733848956
21593526 0.025390655331414026
136661659 0.01726924412247501
25780453 0.0015637312464683185
169967749 0.01862859654895172
172901970 0.004459082647595163
60825979 0.006003495070750943
105622153 0.0028794269753253795
216707242 0.0028366057781025185
32408442 0.007969729327212051
39973326 0.0013146219648263225
147721398 0.00872365823909862
52069104 0.008421663367990008
41405468 0.00945613329970434
276908282 0.003190292074295442
89713248 0.0006958856710849627
223396377 0.006814566729627612
168430127 0.007691110356556691
121827022 0.0029317169267453888
49665998 0.011237533430238379
113852838 0.01360407736277443
238084775 0.0022584709942215283
173752759 0.003771118117556649
188841247 0.005283412041095388
274996668 0.0028197967079835384
197186352 0.013867102926411306
280655080 0.005683401919105447
91588813 0.006839704676996334
229483237 0.0017054260098449143
165882825 0.003548401160129019
97942249 0.0006943798656403541
105803824 0.0045066251226472
34965095 0.004967328388412752
251591698 0.12996238681129715
562630483 0.044297099049653677
326694732 0.013367893986590279
498776216 0.008179303381272708
83861665 0.07897841801337555
359511622 0.013628874123623104
36127967 0.0011293191943982691
228778787 0.009837813929204797
257932524 0.007086065754039539
259802833 0.017431663962831984
295116564 0.015726621774382422
150455104 0.016006302044725758
56446819 0.00439283489160107
147509786 0.02086325875676143
