111411358 0.00357606844303
437518507 0.000147794130702
79167671 0.00301793158295
101712079 0.00557693637605
368312542 0.00113690078433
932446861 0.000104896491567
270926830 0.004381721423
422184091 0.00354290620426
102107018 0.00252985084862
368314502 0.000114516042561
516688031 0.00184532766255
837683683 2.09082496868e-05
120720108 0.00406833516213
34343954 0.000268626654691
499781930 0.00204909211281
609096352 9.79734990051e-05
75896448 0.00877853194209
166598394 0.00375849366698
903616850 0.000245188989439
250091875 0.00401699244499
49682880 0.00542497739168
227023883 0.00758987441588
123346524 0.000553804630556
72883916 0.00195581807451
33300246 0.0088576370796
125312818 0.00477293810522
38281180 0.00144055791547
22159580 0.00717719017201
191111643 0.00554908339409
18096679 0.00995533201982
117449724 0.000270693521931
55059675 0.00447596699314
109585815 0.000475521778203
22031058 0.000455168150899
20589545 0.00488721002714
110767433 0.00127797145666
18099795 0.00927617287691
397160160 0.000100936386579
14561015 0.00502839040937
488386309 6.55638529321e-05
457060718 0.00352101053659
19018381 0.0069692311402
93860818 0.00446164670963
124270074 0.00629229182566
303707744 0.00367031188138
219298196 0.00173360707759
108935576 0.000373829194815
333330899 0.00271844109869
18627119 0.00293151331294
388250401 0.00283300514475
255998767 0.00161386106854
927480949 0.000262189389666
154943205 0.00285019276905
32522100 0.008460981079
20856796 0.00519226781864
114704539 0.000754101051907
121127090 0.00551302629119
466501865 0.00346397199695
277496722 0.00481922443375
70796349 0.00690306514194
249709671 0.00525753530281
15484198 0.00300082614191
66078636 0.00539559407133
373442908 0.00683968122978
14567982 0.00410805815811
77220402 0.00209350803405
389434876 0.00443973765396
277499481 0.00081076321202
225857392 0.00650662148044
312758175 0.00243721237873
18632946 0.00737414622582
79974944 0.00501691584115
20992801 0.00714365944265
20600229 0.00579936803829
84563846 0.0109713284743
77224096 0.00101387403872
20995648 0.00655858358841
593650130 0.0043892762822
23749162 0.002728806666
105800463 0.00844955144948
124152473 0.000224117685961
19295262 0.00470718047492
389443487 0.000997042993058
17723460 0.00710172986346
110391388 0.000712049652844
759067032 4.24697327134e-05
6058852 0.0040688122025
200700960 0.00636469144554
859731314 6.52737339653e-05
11564602 0.00369488850693
60585651 0.000517269620961
201226827 0.00500033107703
494828691 0.000837589415844
261782937 0.0048086746107
93880122 0.00370978315507
168592013 0.00533508660724
77234984 0.00455356640057
34374472 0.0062576257993
806388620 5.86511889245e-05
19825835 0.00631855512212
408454349 0.00387151926052
34244239 0.00567111175937
14190551 0.00921725965968
311986618 0.00206564844538
91786287 0.00360980909361
95194160 0.00543925599087
468356212 0.000348957664032
153914621 2.31754327704e-05
554602188 0.0035541884926
328634628 0.00745116802588
107254637 0.00697170992553
219976700 0.00299828062943
115643685 0.00899337127527
42374586 0.000769490517138
28087982 0.00437903825708
815306454 0.00452362733385
77240489 0.00237648660178
357472615 0.00299425313727
496278040 0.00564356825814
21666641 0.00748411012576
24157360 0.00411624222535
20356313 0.00387179788088
64396655 0.0047236130731
297967419 0.0059540137887
19177609 0.00707156953198
14197060 0.00342496698394
830775721 0.00115483292336
20226550 0.00281535642315
68198984 0.00197592485965
462856853 0.00283844866953
269788397 0.00526279592996
82093305 0.00517773500756
103065157 0.00477877684508
21408041 0.00623488497801
20622055 0.00261922963039
85110055 0.000833537245512
276868661 0.00290855088645
124170781 0.0022814689094
87733460 3.40314607084e-05
61781260 0.00946036211973
454866285 0.00510673803472
219330249 0.00237359404679
35305401 0.00594063230108
31373289 0.00241655173465
222477026 0.00217552579029
155892458 0.00438272829562
131120978 0.00050800935609
122994639 0.00910745082603
191807697 0.00431841828914
132170123 0.00257358202884
78562045 0.00299491542641
19973305 0.00249499207416
173065787 0.0014298815579
34654362 0.00505723943105
180013616 0.00415305356332
479644360 0.00507722674605
60738400 0.00225305807643
131517399 0.00367118876532
142003449 0.000240282796876
19058678 0.00647480443894
318951712 0.00592990569614
453169903 9.36431270538e-05
19977759 0.00599375838604
315283542 4.99304138387e-06
124312153 0.00302325241843
353688428 0.00463103509894
25091518 0.00570164185231
624746312 0.00402208798785
21291109 0.000804481828803
26796376 0.00492276790106
43312141 5.55183581293e-08
66774405 0.00417325074526
113043462 1.58579534617e-06
19589280 0.00271581559253
78702900 0.00640274136551
108587399 0.00522773228746
385936104 0.00501845606557
617016144 0.0012372463194
15133808 0.00410276081139
119074643 0.00141370631448
130085607 0.00149867525886
300872531 0.00595145717263
16970757 0.00305852778565
16708655 0.00840457534053
80802900 0.00455438274374
153810216 0.00665029564987
25097735 0.00536338947602
27850283 0.00352791935436
105838665 0.00626149538656
18020612 0.00661100664612
388954439 0.00463915243967
388299335 0.00604571353736
32439211 0.00350299940801
331021368 0.0045277377527
728039018 0.00297413584989
97452095 0.0002154533783
296288685 0.000119236317155
32965648 0.00428804393934
242943134 0.00390837297068
237700394 0.00138117625275
19858924 0.000471181675326
80021045 0.00242333476247
102958885 0.00119974190007
133236916 0.00347478127917
94701778 0.00507653901275
131926473 0.00752810758977
15010349 0.0065282846349
187632184 0.00111558646322
532351874 0.000449976543115
81857654 0.00157193694035
130092487 0.00317911539218
45158266 0.000679708059695
112398730 0.00870845874753
103879974 0.0032333460875
222762589 0.00423700773679
58922682 0.00598138702385
118429508 0.00482242667714
80943076 0.0048302782505
14621024 0.00402363268216
80812413 0.00157699222129
236395049 6.9268421011e-06
55253731 0.00722576240096
6364652 0.00704998167951
108600854 0.000858204706405
173089105 0.00553995961276
162472533 0.00766951535219
223552246 0.00308655985537
101262304 0.000547087119906
34940114 0.00291684778805
47916280 0.00026810999221
117777690 0.00939299345483
15672615 0.00581840277662
90646214 0.00104833178047
776022362 0.000980366097202
393947529 0.00166899737781
198912426 0.00758404785386
804596460 0.000233124274557
386476845 0.00357005587613
460401829 0.00535575554914
113585486 0.00355732388069
326184301 0.000238392977246
86192099 0.00137793215721
106115066 0.00335766563147
558445037 0.00113684252752
240202308 0.00441213108339
46609085 0.00347644886328
14758838 0.00332720662175
20132840 0.000261970658176
141636742 2.16418758454e-05
14104027 0.00730078325242
5715682 0.00376318294553
27212119 0.00649759244323
117783032 0.00154906928731
397229449 0.00238646897158
143212610 0.00350305305674
19087569 0.00315505890705
415449314 0.00357292011288
77808680 0.0060228488638
65357102 0.00620822801787
15157283 0.00610865733244
143739561 0.00494807191716
24727170 0.00387646679852
810372954 0.00346063455459
101797813 0.000770912638403
21713090 0.00573582779142
127619354 0.00280946641557
481120639 0.000238951499749
259215762 0.00442660677499
22499765 0.00224156415807
54351001 0.00552421188263
144791011 0.00215951176372
85809236 0.00145187587794
532241033 0.000848745072415
245849058 0.00248200705905
296312085 0.00152086850112
41901500 0.00190472320082
38886883 0.00102897300414
19619404 0.00620240551762
393436815 0.00242673331647
331178901 0.00511469934866
130508206 7.11662996843e-07
118711934 0.00234670738608
62613162 0.00583175119047
202205134 5.66164657231e-05
92498317 0.00363836368763
217148014 0.00247570185195
475884318 0.00419410668934
24734991 0.00397642785298
82406734 0.000830879728739
595553662 0.000179591380233
20148039 0.0044694950311
377319290 0.00237979636402
407859240 9.76110049257e-05
24211594 0.00576265283825
144929619 0.00352677361027
250311545 0.00285939208485
95646830 0.00582111035109
36664451 0.00328343603839
22639961 0.00480009740506
125270251 0.00977742008062
110459587 0.000343469113608
429751008 0.000316301218644
622426905 0.00287194203673
80968760 0.000858260259596
19758148 0.0066673996314
550076077 0.00043770902586
48988168 0.00854484740371
106397932 0.00194635888084
606306570 0.000448307587206
258834854 0.00118560969756
156992643 0.00817865983137
354911386 0.00516620581265
580749365 0.00321267393786
209029473 0.0025151289207
58821256 0.00559623486534
18451281 0.000172969559307
28543847 0.00262622150285
196054196 0.00119189361657
166694631 0.00128803642577
118984824 0.00695421464025
50303152 0.0087226740999
288723364 0.00741950020214
36672211 0.000936705705227
871469846 0.000630655931192
948015937 0.000583682618312
81367969 0.00439051685329
608932775 0.000157010070959
76650839 0.00416151278919
105880024 0.00446754185205
221355288 0.000682771078953
85302744 0.00445849885039
22388326 0.00562676757174
236953412 0.000550738657084
211525589 0.000824778177563
15048694 0.00293573867392
436576452 0.00147681779606
16884084 0.00462894157517
407741330 0.00244153451655
631874663 0.000433609326461
616277319 5.0079399077e-05
568174146 0.00283628995139
88974929 0.00347263474053
20424362 0.00178668979999
14395178 0.0028004338544
26584956 0.00615237081967
275228841 0.0027888855351
68659708 0.00633227432432
295807687 0.00394443633369
21736214 0.00444292192123
185183285 0.00662395795186
328576792 0.00256341549092
357805905 0.00475426865502
102084479 0.00291829738753
20688804 0.000331213210927
158315486 0.00174274082577
408663015 0.00157906176122
131970620 0.00805777736414
107722321 0.00748937743756
903985238 0.000631488072695
193313425 0.00629179882279
188332701 0.00472345758062
106150560 0.00404857003977
386776248 0.00169987922043
52412027 0.00196925231521
15580900 0.011848192717
56999787 0.00208098275012
383238347 0.00369447355378
44548822 0.00408196649095
376161322 0.0026846095992
108905591 1.08387841437e-05
58836363 0.00626893784785
245745762 0.00604327857069
474991141 0.000275796635072
215206530 0.00190021103112
417975170 0.00307507070536
15453062 0.00188439777775
21744895 0.00232975335768
104845115 0.00103257852356
77188973 0.0055930943215
100520303 6.4324737535e-05
21746513 0.00762925057898
399365200 0.00100324217556
54515428 0.00483139268335
72341341 0.00753683406673
50714939 0.0053820428483
432396682 0.00589488226629
222419520 0.000128361794469
14146330 0.00491557039934
100260784 0.00142989622028
23452598 0.00161992793611
14933304 0.00600740483998
260824465 0.00519019721766
66444899 0.00303710386158
831250927 0.000692337285855
164226176 0.00658645888754
90432690 0.00386521060476
143779403 0.00742110398467
77981490 0.00686794534069
32369044 0.00655400987629
169864622 0.00646628205866
111013369 0.00493562439846
309587728 0.00193718434968
14937936 0.000603203365275
121762421 0.0043758948126
17298241 0.000494541853608
134738764 0.000103609392735
482866177 0.000658606501618
14284260 0.00444016682817
253490735 0.00448590937457
192935794 0.00387867113078
224655400 0.000881147197945
61733092 0.00676619333545
427031173 0.000119082730875
387054267 0.011463904061
35781487 0.00703118250021
19397942 0.00710126104608
40238442 0.00662867251947
22282116 0.000259028523669
130154450 0.00683917846915