113043462 0.47652049524
48988168 0.627454588755
27212119 0.62182719334
15157283 0.585094785295
407859240 0.489414579229
580749365 0.518706224868
407741330 0.529939353305
97452095 0.487122239279
143212610 0.598564593301
17723460 0.620899093051
105838665 0.601159526509
85809236 0.52525554589
315283542 0.436977302883
110391388 0.527252715266
245745762 0.582636403844
21291109 0.529939353305
118984824 0.622758072372
368314502 0.487122239279
19177609 0.662424191631
24211594 0.571431857616
454866285 0.561406737307
34654362 0.597704586702
114704539 0.539562117178
111411358 0.630306655067
516688031 0.623691742645
19589280 0.534707445173
77240489 0.497610517158
437518507 0.559895548243
117449724 0.511688059464
295807687 0.538863202519
50303152 0.62935308978
121127090 0.573796403234
133236916 0.585094785295
79167671 0.538166096177
21713090 0.606417481552
436576452 0.586745264238
72883916 0.522616070785
383238347 0.536777280445
101712079 0.567533959542
19087569 0.536777280445
94701778 0.585094785295
22159580 0.585094785295
368312542 0.511688059464
415449314 0.535395614343
61733092 0.611768224036
466501865 0.589238516069
125270251 0.718484270025
106397932 0.543793976921
224655400 0.521306256071
18632946 0.665603827751
18020612 0.601159526509
606306570 0.492893829792
127619354 0.466370395005
16708655 0.654091811862
318951712 0.613572850066
21408041 0.558392472946
499781930 0.566760752513
78702900 0.581821527755
393947529 0.543793976921
50714939 0.581821527755
432396682 0.651020958286
14197060 0.548092743537
388954439 0.551727310802
80968760 0.582636403844
903616850 0.482042169576
76650839 0.550996546152
26796376 0.534707445173
54515428 0.601159526509
776022362 0.607302762547
373442908 0.539562117178
14621024 0.565989649448
209029473 0.529265130209
250091875 0.52327344949
357472615 0.52327344949
130085607 0.537470791143
457060718 0.544505749142
100520303 0.501812294746
16884084 0.622758072372
32369044 0.619973759083
80812413 0.405065620589
481120639 0.465848143723
108587399 0.554669856459
120720108 0.609974182323
112398730 0.593441358551
132170123 0.518060264439
92498317 0.569866290883
759067032 0.443972670592
259215762 0.529265130209
219298196 0.488265718714
108935576 0.529939353305
288723364 0.605534777794
258834854 0.56216539506
830775721 0.531292965957
198912426 0.617214231965
296288685 0.459671151762
22499765 0.551727310802
311986618 0.523932484061
49682880 0.573006050061
131926473 0.573006050061
593650130 0.624628216733
333330899 0.530615296358
105880024 0.568309279159
191111643 0.600292052445
837683683 0.373766749636
558445037 0.489414579229
831250927 0.569086720034
20226550 0.540965399668
117783032 0.523932484061
68659708 0.652041367311
903985238 0.452668544445
169864622 0.59599196611
496278040 0.573006050061
124170781 0.611768224036
21746513 0.635118156251
79974944 0.529939353305
474991141 0.473806824994
18096679 0.601159526509
236395049 0.489414579229
23749162 0.547371568874
15010349 0.564453720956
14567982 0.572217871175
18627119 0.552460016394
180013616 0.52525554589
77220402 0.516132000427
187632184 0.518060264439
222419520 0.478163669361
240202308 0.635118156251
388299335 0.597704586702
68198984 0.511059450055
201226827 0.590074315382
162472533 0.643966551617
124312153 0.548815821035
631874663 0.499402631866
217148014 0.543793976921
121762421 0.558392472946
215206530 0.501812294746
21736214 0.568309279159
58821256 0.631263114332
532241033 0.564453720956
168592013 0.551727310802
193313425 0.663480689545
82406734 0.515492431654
462856853 0.512318217173
124152473 0.519353798183
188332701 0.56216539506
609096352 0.426231959369
143739561 0.595139330965
387054267 0.798469083195
46609085 0.514218037509
110459587 0.543084063113
388250401 0.569086720034
479644360 0.552460016394
22031058 0.524593180762
36672211 0.485984103206
44548822 0.568309279159
429751008 0.496422902559
222477026 0.537470791143
55253731 0.62935308978
20622055 0.522616070785
385936104 0.619051179084
155892458 0.601159526509
804596460 0.50120770162
453169903 0.446354498224
223552246 0.527921817696
78562045 0.527252715266
105800463 0.654091811862
156992643 0.608190632083
871469846 0.511688059464
622426905 0.538166096177
14146330 0.589238516069
475884318 0.572217871175
20992801 0.66032125769
77234984 0.548092743537
386476845 0.499402631866
255998767 0.516132000427
948015937 0.536085557145
34374472 0.653064980133
134738764 0.509806853363
617016144 0.524593180762
21666641 0.703895756928
144791011 0.581821527755
300872531 0.575383668526
60738400 0.569086720034
104845115 0.500002875414
6058852 0.540965399668
28543847 0.521306256071
353688428 0.532653511325
107254637 0.638040479056
35781487 0.639020571958
250311545 0.528592620514
532351874 0.460689249551
15453062 0.508560381839
17298241 0.614479161513
19858924 0.525919585771
806388620 0.428426768635
277496722 0.538166096177
331178901 0.567533959542
118429508 0.579390518586
81367969 0.584273022956
608932775 0.497016000412
32439211 0.566760752513
100260784 0.530615296358
14758838 0.555410403664
77224096 0.533336400442
93860818 0.595139330965
131517399 0.58840508111
158315486 0.523932484061
101262304 0.484286836257
245849058 0.536085557145
18451281 0.521306256071
20132840 0.534707445173
20589545 0.576979739729
270926830 0.609081101529
144929619 0.513583200425
275228841 0.541669781699
219976700 0.528592620514
482866177 0.493478519982
16970757 0.537470791143
227023883 0.595139330965
43312141 0.0
32965648 0.631263114332
34343954 0.537470791143
19295262 0.691033874326
200700960 0.604654640036
77808680 0.595139330965
376161322 0.540965399668
91786287 0.534021042804
95194160 0.509182854767
185183285 0.592596000491
331021368 0.564453720956
70796349 0.565989649448
19758148 0.665603827751
399365200 0.478713915241
80802900 0.540262847201
249709671 0.574588939702
95646830 0.582636403844
15133808 0.744190326198
468356212 0.490568858897
927480949 0.484851273129
81857654 0.511059450055
108905591 0.440680500365
164226176 0.574588939702
36664451 0.602902017891
141636742 0.523932484061
56999787 0.553931281417
494828691 0.512318217173
54351001 0.581821527755
354911386 0.575383668526
422184091 0.562926106014
242943134 0.619051179084
15484198 0.502418348242
460401829 0.554669856459
19825835 0.641979000532
24157360 0.556152930942
90432690 0.569086720034
196054196 0.507939428992
386776248 0.521306256071
19973305 0.531292965957
408454349 0.547371568874
34940114 0.556897446244
87733460 0.438821088971
20356313 0.607302762547
55059675 0.528592620514
45158266 0.514218037509
191807697 0.551727310802
269788397 0.568309279159
47916280 0.472729991301
82093305 0.565989649448
153914621 0.432884903584
21744895 0.532653511325
61781260 0.679742471151
417975170 0.575383668526
24734991 0.568309279159
296312085 0.635118156251
221355288 0.523932484061
117777690 0.598564593301
115643685 0.603777057104
103879974 0.553194670671
15672615 0.56216539506
153810216 0.566760752513
237700394 0.539562117178
65357102 0.580198594623
19397942 0.595139330965
14933304 0.574588939702
80021045 0.547371568874
616277319 0.44731440037
110767433 0.517415910876
113585486 0.533336400442
22639961 0.631263114332
40238442 0.656155192972
326184301 0.509182854767
64396655 0.585094785295
859731314 0.452668544445
595553662 0.494064598984
66774405 0.54954080891
397229449 0.508560381839
58836363 0.585094785295
260824465 0.555410403664
109585815 0.536085557145
261782937 0.582636403844
20600229 0.590074315382
130508206 0.465848143723
42374586 0.526585306765
312758175 0.565220641772
41901500 0.555410403664
25091518 0.584273022956
130092487 0.561406737307
142003449 0.559895548243
85302744 0.536085557145
14104027 0.594289131921
38886883 0.514218037509
14284260 0.564453720956
107722321 0.626509627025
6364652 0.59684704784
111013369 0.561406737307
124270074 0.58840508111
389434876 0.639020571958
25097735 0.556897446244
108600854 0.507939428992
328634628 0.604654640036
19977759 0.623691742645
19018381 0.679742471151
27850283 0.52525554589
253490735 0.545219387083
276868661 0.512318217173
23452598 0.547371568874
11564602 0.556152930942
173065787 0.509182854767
131970620 0.71478074286
20995648 0.62935308978
568174146 0.560650124454
103065157 0.66032125769
143779403 0.580198594623
19619404 0.631263114332
88974929 0.583453565701
18099795 0.664540562851
277499481 0.455144849392
123346524 0.516132000427
222762589 0.540262847201
303707744 0.528592620514
66444899 0.509806853363
22388326 0.585094785295
728039018 0.556152930942
52412027 0.477066963698
118711934 0.480927621208
75896448 0.661371053012
24727170 0.566760752513
34244239 0.579390518586
62613162 0.58840508111
550076077 0.485984103206
28087982 0.537470791143
60585651 0.536777280445
58922682 0.598564593301
90646214 0.561406737307
219330249 0.503025867406
554602188 0.514218037509
815306454 0.638040479056
397160160 0.412700786056
5715682 0.522616070785
15580900 0.683090956231
154943205 0.518706224868
166694631 0.52327344949
85110055 0.512318217173
14561015 0.602029511352
166598394 0.578584690326
488386309 0.440214171793
309587728 0.611768224036
33300246 0.64000368053
328576792 0.527921817696
77981490 0.631263114332
427031173 0.514854445971
102958885 0.526585306765
20856796 0.619051179084
14395178 0.550996546152
125312818 0.600292052445
93880122 0.547371568874
297967419 0.589238516069
236953412 0.512318217173
20148039 0.586745264238
624746312 0.544505749142
932446861 0.50120770162
14937936 0.501812294746
357805905 0.562926106014
131120978 0.539562117178
119074643 0.531292965957
810372954 0.543084063113
393436815 0.572217871175
72341341 0.606417481552
408663015 0.521306256071
77188973 0.620899093051
225857392 0.615388154356
192935794 0.562926106014
32522100 0.59684704784
377319290 0.545219387083
26584956 0.575383668526
102084479 0.534021042804
22282116 0.502418348242
84563846 0.579390518586
102107018 0.581821527755
389443487 0.499402631866
20688804 0.514854445971
66078636 0.591753047432
101797813 0.527252715266
35305401 0.61629984051
106150560 0.585094785295
15048694 0.54593489809
202205134 0.488265718714
122994639 0.608190632083
130154450 0.653064980133
211525589 0.497016000412
14190551 0.66989113099
38281180 0.56216539506
86192099 0.534707445173
80943076 0.561406737307
173089105 0.574588939702
31373289 0.506085635456
19058678 0.601159526509
106115066 0.518060264439
20424362 0.529939353305