113043462 20
48988168 172
76650839 86
15157283 130
224655400 48
580749365 43
97452095 10
143212610 143
17723460 164
105838665 143
85809236 52
903985238 10
110391388 64
21666641 243
245745762 131
21291109 50
118984824 168
368314502 20
19177609 208
24211594 115
326184301 35
34654362 147
114704539 68
111411358 179
516688031 174
19589280 60
275228841 75
295807687 67
50303152 173
121127090 111
133236916 126
79167671 74
21713090 155
436576452 131
72883916 55
383238347 71
101712079 102
191807697 92
94701778 126
22159580 126
368312542 33
415449314 77
61733092 160
466501865 143
125270251 255
106397932 78
407859240 29
18632946 211
328634628 147
606306570 42
127619354 10
91786287 62
318951712 162
21408041 98
499781930 106
871469846 32
78702900 123
393947529 72
50714939 121
112398730 135
14197060 79
388954439 86
331021368 104
903616850 8
27212119 165
26796376 71
54515428 144
776022362 158
373442908 72
14621024 110
209029473 60
250091875 53
357472615 45
130085607 70
457060718 78
100520303 20
16884084 170
32369044 163
80812413 6
481120639 21
108587399 88
804596460 27
432396682 195
132170123 42
92498317 112
759067032 6
259215762 68
219298196 16
108935576 55
288723364 148
258834854 107
830775721 63
198912426 163
296288685 11
22499765 80
311986618 51
49682880 118
131926473 110
593650130 174
333330899 53
105880024 103
191111643 141
837683683 4
558445037 23
831250927 120
20226550 72
117783032 50
68659708 197
315283542 8
169864622 143
496278040 123
124170781 159
79974944 62
474991141 9
18096679 144
236395049 25
23749162 87
15010349 99
14567982 114
18627119 88
180013616 46
77220402 42
187632184 40
222419520 17
240202308 179
388299335 139
68198984 35
201226827 141
162472533 192
124312153 80
631874663 24
217148014 73
121762421 99
215206530 32
427031173 38
58821256 176
532241033 128
168592013 98
193313425 207
82406734 39
462856853 43
124152473 52
188332701 102
106150560 131
143739561 143
387054267 313
46609085 29
110459587 82
20992801 205
479644360 86
22031058 49
36672211 13
44548822 109
429751008 23
222477026 70
55253731 173
20622055 43
385936104 166
155892458 146
120720108 154
453169903 9
223552246 56
78562045 56
105800463 198
156992643 156
21736214 111
622426905 82
14146330 130
475884318 118
388250401 108
77234984 78
386476845 46
255998767 41
17298241 162
34374472 198
134738764 28
617016144 44
21746513 182
144929619 37
60738400 104
104845115 11
6058852 66
28543847 47
353688428 72
107254637 182
35781487 187
250311545 55
532351874 18
15453062 32
948015937 80
6364652 139
806388620 7
38886883 43
407741330 67
331178901 109
236953412 38
81367969 123
608932775 36
32439211 110
100260784 57
14758838 92
77224096 68
93860818 138
131517399 131
158315486 50
101262304 16
245849058 76
408663015 48
20132840 63
20589545 120
270926830 157
300872531 118
77240489 22
117449724 36
482866177 22
437518507 104
16970757 66
227023883 136
43312141 0
32965648 175
34343954 75
19295262 232
200700960 148
77808680 136
376161322 74
219976700 56
16708655 199
95194160 41
185183285 139
80968760 122
70796349 103
19758148 209
399365200 22
80802900 65
249709671 110
95646830 122
15133808 275
468356212 37
927480949 33
81857654 39
108905591 9
164226176 111
36664451 144
141636742 53
494828691 52
54351001 128
354911386 112
422184091 109
242943134 164
15484198 25
460401829 92
19825835 186
24157360 95
90432690 107
196054196 20
386776248 49
19973305 56
408454349 82
34940114 94
87733460 2
20356313 151
55059675 48
45158266 37
19087569 70
269788397 103
47916280 21
82093305 100
153914621 8
21744895 61
61781260 222
417975170 120
24734991 104
296312085 179
221355288 61
117777690 147
115643685 151
103879974 96
85110055 34
153810216 104
237700394 67
65357102 121
19397942 139
14933304 110
277496722 77
80021045 76
616277319 18
110767433 55
113585486 56
22639961 175
40238442 202
454866285 105
64396655 126
859731314 11
595553662 31
66774405 83
397229449 38
58836363 125
260824465 92
109585815 68
261782937 125
20600229 136
130508206 11
42374586 57
389443487 23
41901500 92
25091518 123
130092487 99
142003449 95
85302744 61
14104027 137
144791011 125
14284260 104
88974929 131
19858924 54
111013369 96
124270074 128
389434876 187
25097735 91
108600854 32
18020612 145
19977759 171
19018381 222
27850283 47
253490735 81
276868661 38
23452598 76
11564602 87
173065787 38
131970620 252
20995648 173
568174146 99
103065157 205
143779403 122
19619404 181
107722321 170
18099795 210
277499481 6
123346524 48
222762589 72
303707744 58
66444899 23
22388326 124
728039018 90
52412027 16
118711934 8
75896448 205
24727170 105
34244239 118
62613162 131
550076077 12
28087982 70
60585651 69
58922682 141
90646214 99
219330249 38
554602188 40
815306454 183
397160160 2
5715682 48
15580900 225
154943205 49
166694631 61
15672615 102
14561015 146
166598394 119
488386309 15
309587728 159
33300246 186
328576792 58
77981490 177
102958885 75
20856796 163
14395178 84
125312818 142
93880122 79
297967419 132
118429508 124
20148039 127
624746312 89
932446861 20
14937936 22
357805905 96
131120978 78
119074643 65
810372954 78
393436815 116
72341341 152
56999787 85
77188973 164
225857392 161
192935794 104
32522100 140
377319290 89
26584956 112
102084479 66
22282116 24
84563846 122
102107018 122
312758175 106
20688804 37
66078636 133
101797813 53
35305401 159
609096352 5
19058678 143
202205134 23
122994639 150
130154450 199
211525589 33
14190551 213
38281180 98
18451281 59
86192099 64
80943076 98
173089105 122
31373289 21
15048694 77
106115066 49
20424362 59