65357102 0.04442233379476315
14284260 0.029799704609282263
50714939 0.042623449921341025
121127090 0.039322320292826916
19825835 0.0568217476848231
11564602 0.026310764186821368
830775721 0.018186491175121514
24727170 0.03471124692072853
18096679 0.04939674647670301
242943134 0.05566277548501344
20356313 0.044996318255198516
62613162 0.04509758928680529
312758175 0.028746548650496532
60738400 0.0361006305135708
119074643 0.020169442764138634
903985238 0.002947308226689039
810372954 0.02124450420659793
92498317 0.03207215650666703
86192099 0.022218072291283936
118984824 0.04626621495643739
15157283 0.03695295715352562
54515428 0.045170523863973196
117777690 0.07552561347968252
326184301 0.011277621275564547
554602188 0.012409231510158502
22159580 0.043058116636132585
111013369 0.031910006862873944
125270251 0.07683771782124085
16884084 0.04409561448939777
78702900 0.04139615645283766
166598394 0.03493359774011616
6058852 0.020744054467827105
34244239 0.034545029199945176
436576452 0.0358685185127781
41901500 0.02870255921999947
188332701 0.02846780284158481
42374586 0.019114464360417503
14395178 0.029340001502369317
80943076 0.03192607597992671
112398730 0.04823412125258181
108587399 0.032303487276464204
15048694 0.028256608962156527
804596460 0.009397576595732813
36664451 0.04589050943423679
28087982 0.02246088067085597
103065157 0.05235438373970772
95646830 0.04011987806679516
19058678 0.04536816880774927
16970757 0.023325639566028244
18632946 0.09544594618448367
124170781 0.03909163810502268
250311545 0.018935115447251682
122994639 0.04994170906882815
14190551 0.09425100331999645
123346524 0.014481174751351513
34940114 0.029684874668253446
81367969 0.06384942356223518
622426905 0.044518767976504614
193313425 0.09627485131816789
15580900 0.09672154626949846
6364652 0.07250506827450309
130154450 0.0925123635463638
33300246 0.08910585551504889
19977759 0.08402583070610485
34374472 0.09394728070670721
240202308 0.08857369924965433
16708655 0.09318790349989038
49682880 0.06533778610054482
368312542 0.008047996051396928
227023883 0.07258371346846791
927480949 0.019354043818211805
550076077 0.0043725799164356155
318951712 0.08153932840177322
32522100 0.07344255946853029
61781260 0.09734983725249068
35305401 0.08190570021254964
192935794 0.05927262282035799
245745762 0.07041021064699192
408454349 0.04464155878495641
397229449 0.022054160641470057
481120639 0.011456314674284884
388299335 0.07242558684106644
84563846 0.05948215877821717
21736214 0.06127603346543592
24211594 0.06352851140670945
18020612 0.07575509649961747
259215762 0.03630096281292898
54351001 0.06863525142337973
20992801 0.09557039713396949
32369044 0.08207875069161351
50303152 0.08706457868120016
14621024 0.05906739331464712
21746513 0.08841140885730892
415449314 0.04215316972156636
22639961 0.08364242007696569
102107018 0.06388666544914195
18099795 0.09465132987886307
328634628 0.07657802096716093
131970620 0.10532057688211031
776022362 0.07808636932770686
162472533 0.08997620235626573
32965648 0.086349029150042
40238442 0.0901701197259045
115643685 0.07737621885278234
948015937 0.04599532827479351
121762421 0.05428699137366453
82093305 0.05895242456905363
466501865 0.07441502168047504
106150560 0.06961866555302655
20995648 0.0839178414284844
19397942 0.07421351872873484
156992643 0.07974123993033207
26584956 0.060855935787359636
76650839 0.02747813307578853
21713090 0.07952694862329246
32439211 0.06082422090752298
20600229 0.07316851306866291
14567982 0.06379031772866509
23749162 0.04877080994459774
143212610 0.07704142070735216
357472615 0.02530296138609617
20589545 0.06797418594220853
75896448 0.09405460188110172
277496722 0.04485317838294181
105838665 0.07634728961398228
18451281 0.03598177891891953
110767433 0.03364357964834532
331178901 0.057450274699935175
106397932 0.046912456983043756
77224096 0.0427338082573967
93860818 0.0734978152774462
225857392 0.08294049204416329
143739561 0.0770067618847618
432396682 0.09024439577717276
376161322 0.04222652942318153
22388326 0.0629095746078655
168592013 0.05739957590747487
14146330 0.06834062157469493
221355288 0.036010987947857676
77981490 0.08638092620375024
77808680 0.07525059958139486
20688804 0.01970595169795828
111411358 0.08796011981053685
353688428 0.04083368446790698
110391388 0.03815448548179849
110459587 0.04924818376972613
407741330 0.037706693079864226
27212119 0.08412868924175528
191807697 0.05395452112014079
253490735 0.04447902588439741
297967419 0.07230989758869738
144791011 0.06877539555532926
102084479 0.03886267008433999
377319290 0.04882247068243416
94701778 0.06889707957363245
249709671 0.06153743420122617
20148039 0.06956668053375446
388954439 0.04826911428014557
105880024 0.058611974662437796
19295262 0.1012676879490008
124152473 0.03196644341455391
261782937 0.06632354413592256
68659708 0.08986776236912836
61733092 0.08221309938960454
153810216 0.05771269120922905
300872531 0.060937744343830924
260824465 0.053352669116485944
77188973 0.07995175691577451
164226176 0.0626393989710714
72341341 0.07920376387880598
24157360 0.052807844082739544
276868661 0.01693129299730327
393436815 0.06205805500156473
107722321 0.08334466443742627
468356212 0.02242883623591525
133236916 0.06810330286667678
34343954 0.045531440104466234
95194160 0.025253152512432805
389434876 0.08795328430156961
617016144 0.024165854797652833
17723460 0.0802501373734521
56999787 0.03030550406956661
270926830 0.08152638165178597
90432690 0.06207361583254022
21291109 0.030911046160216667
169864622 0.07540551435664375
20856796 0.08229118536744487
23452598 0.045894272226690964
198912426 0.0796565721487373
200700960 0.07729127271161723
120720108 0.08100077030805046
58821256 0.08229049478559054
15453062 0.011708453082720345
34654362 0.07673415859347703
499781930 0.05885406040131936
15672615 0.05846620959881038
142003449 0.054259256183406525
236953412 0.02364945123028352
454866285 0.056039818089343184
79167671 0.04407016140738642
354911386 0.061636758185058114
387054267 0.11362535355098081
191111643 0.07457496307487067
25091518 0.06773536085058997
35781487 0.09051814918613561
118429508 0.06844997681826155
64396655 0.06325170734802522
173089105 0.06623343483053691
166694631 0.03757741698865598
124270074 0.07035245194947402
386476845 0.024044588367862354
185183285 0.073476107184575
66078636 0.07116764319310581
79974944 0.036580387726698034
21408041 0.05654766886664296
105800463 0.0929500720200748
107254637 0.08801417789047457
143779403 0.06735754044307582
815306454 0.08600445643690714
77234984 0.04199803069178481
127619354 0.003529808710572724
118711934 0.003614583140529879
80812413 0.0013756894202628565
124312153 0.023755094570120424
97452095 0.005023773707437846
14758838 0.029620411208532205
275228841 0.02034236189922657
19177609 0.05549445121251994
20226550 0.022469729446709975
109585815 0.023532154808241012
19087569 0.021872376072290017
58836363 0.04614136065739388
14933304 0.04286293849864405
158315486 0.014815654687116967
131926473 0.038680751066656
422184091 0.02770273697196384
66774405 0.028289943049868836
58922682 0.04870463499804893
288723364 0.042385375714307394
55253731 0.05689859098501849
60585651 0.024510982568405972
48988168 0.053688132886952476
496278040 0.030417566505078614
130092487 0.030287381193448554
81857654 0.012303580913640989
217148014 0.02544038183726486
429751008 0.008032437000971233
173065787 0.01126348526102014
14561015 0.0412984439580717
269788397 0.035797132500772454
117449724 0.012700076342139367
125312818 0.04886168864060307
328576792 0.018342553050300418
101712079 0.03485800226927004
457060718 0.028461562875454927
309587728 0.04123512717831237
25097735 0.03547647647420397
209029473 0.01763949291732182
19758148 0.0716257986270008
131517399 0.03507341617971716
383238347 0.020663870501684518
14104027 0.04503065873408379
131120978 0.02369786717052556
222477026 0.022445009479402943
80968760 0.03662970741062371
22031058 0.017055554790489605
19589280 0.021634590596114306
19858924 0.017114332628039162
417975170 0.029036263158194853
386776248 0.015365346007355486
20132840 0.020055261889742593
373442908 0.020559644108872562
187632184 0.01426579134280097
475884318 0.030832114344179814
38281180 0.030990190977073718
93880122 0.02729593889701216
408663015 0.015464421113721257
90646214 0.02960610258441716
18627119 0.027535808456345838
385936104 0.043500405626139646
100520303 0.00871795958607975
331021368 0.02876161243747281
222762589 0.023200876426856046
144929619 0.01418000784417383
303707744 0.018267415539296148
78562045 0.017518625803961824
462856853 0.012967760071632462
44548822 0.03445582920036342
20424362 0.02008149183485173
15133808 0.0972026646887529
388250401 0.032719487554965905
130508206 0.003832443706454253
22499765 0.027512454113503615
88974929 0.032885556736173355
154943205 0.01524048405575221
399365200 0.006991696660906843
85110055 0.012869327518915298
21744895 0.020978756957350752
224655400 0.016435751158618783
460401829 0.02775859656336496
255998767 0.014246047287639342
113043462 0.006082410910072514
26796376 0.021673206673794528
19619404 0.04151898520086869
237700394 0.027037368938481573
17298241 0.03953324138932191
114704539 0.023626704317545093
100260784 0.020049021642551644
108935576 0.018720804735909435
141636742 0.017439326475123043
85809236 0.01574208393662214
130085607 0.022384032180094257
70796349 0.034985390350337334
223552246 0.016131703292603633
295807687 0.020978712958422328
22282116 0.009373024877347771
24734991 0.03329944831041454
103879974 0.0281367673233139
113585486 0.02181974702164738
236395049 0.0075500353634720616
368314502 0.005746066552081543
19973305 0.017891570529951495
532241033 0.02963080305747567
80021045 0.025359941874609913
532351874 0.010176922188631674
608932775 0.02168037947887265
932446861 0.006536261740663394
516688031 0.08260277399140249
46609085 0.01170885482406036
357805905 0.052209264653562536
296312085 0.08435330347150513
219298196 0.006665271091400025
196054196 0.010782239742187748
80802900 0.032166439204545774
201226827 0.07178884202316656
31373289 0.010317592283638674
15010349 0.03400739733288895
580749365 0.025856338943064657
202205134 0.005913444714267841
20622055 0.011059967763752693
117783032 0.017403209030033888
831250927 0.029625033932702976
616277319 0.0030821400181515165
101262304 0.004146513200999488
333330899 0.01155695689424373
393947529 0.02101472257350826
595553662 0.005852480530451718
479644360 0.02609969037132537
837683683 0.0005989610495674663
258834854 0.02797867564732
155892458 0.040002094065157354
631874663 0.007347880050068981
68198984 0.008145624422309117
211525589 0.02040231369053167
568174146 0.05418564743017376
250091875 0.03077216564228677
21666641 0.0863477302134156
72883916 0.017380257078580562
427031173 0.021072688017719287
101797813 0.03274136448936075
5715682 0.016898433329816862
488386309 0.008418785267288717
407859240 0.01605030476088036
85302744 0.01649048798464288
437518507 0.02665527420622457
903616850 0.0026927597938085123
134738764 0.010611957956890777
45158266 0.010116763240610836
15484198 0.011817194415945954
593650130 0.0381917207619872
311986618 0.010552464634825344
52412027 0.005030991643910341
871469846 0.011667836330405818
728039018 0.026003964903040862
859731314 0.003057917629280894
296288685 0.0027127721253760507
759067032 0.00234164894379125
222419520 0.004872976004111504
102958885 0.020388402013406002
482866177 0.006542366838035775
806388620 0.0021785195696883367
606306570 0.01260022322642302
19018381 0.07625978509323479
47916280 0.006700192077831186
28543847 0.01249536369404661
108600854 0.007448359194291209
106115066 0.010596053651905005
215206530 0.00686902663272705
55059675 0.012621429414133701
14197060 0.025683091402930784
153914621 0.0016205147238995432
132170123 0.009268029672456005
219330249 0.007951048116188845
27850283 0.011897739333525045
77220402 0.009794957316716691
180013616 0.010707105977303628
82406734 0.011063734493061035
91786287 0.0142247896348736
77240489 0.007055698308758652
36672211 0.006761322385336498
38886883 0.007595529250500997
14937936 0.007893098515410119
624746312 0.04633589486161971
558445037 0.013060219083532323
453169903 0.005968622456354497
245849058 0.041862637529508
219976700 0.03168916449489574
494828691 0.030476136355707565
389443487 0.012288507238793175
66444899 0.00785783636950702
315283542 0.005007585799810879
108905591 0.0054264703692064225
474991141 0.0029564690900216037
397160160 0.0008227089021892592
104845115 0.00616961391743542
609096352 0.0032674139867387
277499481 0.0027470665078491523
87733460 0.0012695394390087101
